-0.2  -3  0.0267706  0.283958  0.0605535  0.164793  0.106275  1.41341  0.111956  1.2288  0.127509  1.72972  
-0.2  -2.5  0.0476696  0.314202  0.066261  0.104504  0.10359  1.1663  0.0931179  0.926421  0.112029  1.353  
-0.2  -2  0.0648036  0.346044  0.0510291  0.065096  0.0970297  0.956844  0.0468786  0.392492  0.103858  1.16801  
-0.2  -1  0.0426487  0.255655  0.0140458  0.10214  0.0446296  0.223434  0.0328555  0.183061  0.097234  0.54002  
-0.2  -0  0.0531506  0.363596  0.0328983  0.0516175  0.0451027  0.0111889  0.0347793  0.00984078  0.0643689  0.0121141  
-0.2  1  0.0239011  0.445084  0.0569315  0.218829  0.0358776  0.225302  0.0219151  0.181231  0.072652  0.53047  
-0.2  1.5  0.0238808  0.538889  0.0617734  0.313769  0.0347765  0.412929  0.0116087  0.249068  0.0845833  0.99814  
-0.2  2  0.0818656  0.471058  0.103035  0.606458  0.0490421  0.880466  0.0141365  0.40299  0.0941068  1.5132  
-0.2  2.5  0.12087  0.656808  0.0642943  0.903891  0.0721609  1.55671  0.026239  1.02639  0.0999888  2.0979  
-0.2  3  0.18017  0.67741  0.101057  1.46718  0.0789006  2.20247  0.0239529  1.6051  0.100782  2.6139  
-0.15  -3  0.026759  0.313731  0.0455795  0.162821  0.050742  0.534676  0.0582132  0.541668  0.103918  1.56382  
-0.15  -2.5  0.046555  0.307961  0.0488247  0.100508  0.0569695  0.668834  0.0395961  0.401731  0.0756229  1.10984  
-0.15  -2  0.0606186  0.335991  0.0350613  0.0540125  0.0531866  0.611015  0.0382577  0.366446  0.0593668  0.703701  
-0.15  -1  0.0493441  0.272293  0.00606538  0.0947475  0.0207467  0.14278  0.00298311  0.024416  0.0522819  0.356981  
-0.15  -0  0.0526991  0.367992  0.028224  0.0479835  0.0142799  0.00504767  0.00139376  0.00396943  0.0359271  0.00741873  
-0.15  1  0.0155838  0.416001  0.0449468  0.199215  0.00379708  0.0512469  0.00224347  0.088228  0.039484  0.487822  
-0.15  1.5  0.0267399  0.529416  0.043346  0.294346  0.0181327  0.34804  0.00561752  0.202569  0.0463514  0.941061  
-0.15  2  0.101457  0.450141  0.0850535  0.721438  0.0312662  0.826493  0.0080735  0.316222  0.0507666  1.46243  
-0.15  2.5  0.13002  0.521496  0.0478094  0.928565  0.0390943  1.5026  0.0136489  0.889998  0.0507239  2.06117  
-0.15  3  0.182647  0.738005  0.0893003  1.50743  0.0419379  2.185  0.0163865  1.54707  0.0514663  2.57931  
-0.1  -3  0.0256742  0.324605  0.0354454  0.150159  0.0774366  0.844932  0.07403  0.74164  0.102576  1.35831  
-0.1  -2.5  0.0429199  0.30108  0.0340706  0.0963663  0.0250497  0.0673143  0.0292872  0.0590047  0.0754495  0.835436  
-0.1  -2  0.0601528  0.333016  0.0228077  0.0548528  0.00777501  0.0736454  0.011395  0.0986704  0.0312011  0.337416  
-0.1  -1  0.0440282  0.254714  0.00586519  0.0969709  0.00247454  0.00683862  0.0177536  0.140227  0.00820904  0.0282244  
-0.1  -0  0.0532131  0.409865  0.0226919  0.0439157  0.00984503  0.00312423  0.0166144  0.00503868  0.000594843  0.0042426  
-0.1  1  0.0139746  0.423941  0.0316051  0.189758  0.018854  0.147548  0.0390837  0.752752  0.00409275  0.339679  
-0.1  1.5  0.0333929  0.52878  0.0339524  0.288492  0.0122821  0.079052  0.0336355  1.05826  0.0104159  0.776424  
-0.1  2  0.104587  0.494802  0.0625742  0.740235  0.0116905  0.539149  0.0289623  0.77344  0.00660469  1.32947  
-0.1  2.5  0.142316  0.469915  0.0424852  0.920251  0.0129861  1.31808  0.0332229  0.254005  0.00594156  1.94365  
-0.1  3  0.193538  0.778744  0.0569498  1.5276  0.0195156  2.12191  0.0390114  1.43356  0.0121827  2.51166  
-0.05  -3  0.0329207  0.304738  0.0227764  0.151696  0.0603875  0.621969  0.0744647  0.220606  0.136816  1.40528  
-0.05  -2.5  0.042451  0.305468  0.0171806  0.13056  0.0442867  0.54139  0.0367114  0.387742  0.0664124  0.389279  
-0.05  -2  0.0570416  0.33256  0.00854805  0.0682029  0.00798906  0.271777  0.0144271  0.183342  0.0463696  0.547195  
-0.05  -1  0.0460592  0.258903  0.0162616  0.101335  0.0445895  0.452508  0.0374221  0.382608  0.0165804  0.0309302  
-0.05  -0  0.0572953  0.411652  0.0146208  0.0297778  0.0570918  0.0647083  0.0507565  0.0805694  0.0482289  0.127215  
-0.05  1  0.0210785  0.485244  0.0207794  0.18491  0.0379514  1.35678  0.0344137  1.78426  0.0438848  0.800086  
-0.05  1.5  0.0316712  0.552909  0.0233654  0.286723  0.0268173  1.44142  0.0246908  1.6826  0.0486173  0.115816  
-0.05  2  0.108838  0.502451  0.0397721  0.775589  0.0382394  0.582198  0.0121185  1.82241  0.0490233  1.00535  
-0.05  2.5  0.139554  0.413419  0.0573675  0.976634  0.0459452  0.66996  0.0474138  0.617344  0.0495895  1.76274  
-0.05  3  0.192712  0.795428  0.048813  1.46585  0.0503201  1.83953  0.0649479  1.06045  0.0506817  2.34801  
0  -3  0.0333698  0.30194  0.00914155  0.153621  0.0925632  1.1307  0.0956965  0.703582  0.0983651  2.07156  
0  -2.5  0.0429155  0.305854  0.00419977  0.128314  0.0350566  0.929981  0.04811  1.14353  0.0958363  1.07895  
0  -2  0.0561124  0.31347  0.00290833  0.0670584  0.0027859  0.114243  0.00187402  0.161296  0.0630224  1.03957  
0  -1  0.0379561  0.229098  0.0217964  0.0932582  0.0232218  0.374858  0.0149475  0.123471  0.00467718  0.00821448  
0  -0  0.0610056  0.427871  0.00507287  0.0114654  0.00595813  1.20279e-05  0.00541836  0.0164464  0.00103131  0.0186006  
